errq1l1  =  1.21094882974e-05  ;
errq2l1  =  9.75629218661e-06  ;
errq3l1  =  1.57836760888e-05  ;
errq1r1  =  -1.21094882974e-05  ;
errq2r1  =  -6.83144958687e-06  ;
errq3r1  =  -2.49037378558e-05  ;
