errq1l1 = -1.23e-05 ;
errq2l1 = -9.66149599092e-06 ;
errq3l1 = -1.61460329457e-05 ;
errq1r1 = 1.23e-05 ;
errq2r1 = 6.76507237927e-06 ;
errq3r1 = 2.54754703296e-05 ;
